3 4 6521 11444 3312 6282 
3 5 6282 349 3340 9388 321 
2 5 6282 6334 9334 9361 11372 
3 4 6332 6402 3380 362 
3 3 6332 11245 6375 
3 2 6375 9290 
4 5 13259 6521 9428 478 514 
4 5 6521 375 11219 11276 321 
4 4 6521 3499 9456 3522 
4 4 3522 9375 526 6377 
4 4 6377 6263 6325 9347 
4 3 9347 6257 6389 
3 5 13259 11505 9496 3572 6595 
2 3 6282 3207 11505 
4 5 514 9535 6595 552 9570 
3 4 9347 3368 3231 11366 
1 3 6377 3271 3326 
4 4 9347 6325 6349 3326 
3 4 3326 309 336 241 
3 4 11233 11264 11360 241 
4 2 6469 587 
1 2 9108 3104 
4 2 6469 495 
4 3 495 6535 11388 
4 4 11388 247 309 3326 
4 6 495 6535 9509 405 3395 6377 
3 4 6469 6570 529 11494 
3 4 11494 3423 9575 11531 
4 3 11494 6444 6488 
4 4 11531 11547 11560 6488 
3 4 9517 6568 589 6488 
3 2 6568 3530 
3 5 11531 563 3558 3530 9517 
3 2 9517 11499 
3 3 11499 708 3705 
2 3 692 11653 9515 
3 5 9517 3530 6542 6712 3692 
3 4 3692 3679 6934 9655 
3 4 9655 11638 6693 692 
3 3 11499 3690 9655 
3 5 495 3398 9547 3524 6488 
2 4 9515 3299 571 11544 
4 4 692 9652 707 688 
1 4 707 3688 6725 9515 
3 4 11499 9545 11529 11544 
3 5 11544 9572 11417 3397 6488 
4 5 11544 561 6540 3705 692 
3 2 3561 6524 
2 5 6513 3561 425 6582 3535 
3 5 3535 9441 11404 9416 11544 
4 4 564 11431 9443 495 
4 4 6377 11493 6513 564 
4 4 6488 3524 11533 564 
4 3 3535 11481 514 
4 4 3535 6582 6487 3522 
3 8 11544 9416 3474 482 6524 538 6501 3535 
3 4 482 13116 11417 3397 
1 4 11372 11343 9263 362 
3 14 13259 11505 9496 537 6236 9387 9252 11260 11288 334 389 3380 6402 6332 
3 2 13259 11444 
4 2 13259 9428 
3 6 6332 395 3384 11312 3272 6296 
2 3 3320 327 6296 
4 17 3151 149 11068 9164 6095 6035 6086 9111 187 2999 11315 3215 6245 11250 3358 11282 6380 
2 5 9817 6924 3798 924 11805 
2 9 11805 11768 9869 6933 3866 9765 6880 12070 9815 
2 5 6867 874 845 889 9817 
3 5 6287 6393 3260 3325 3277 
1 4 394 6235 6364 3277 
2 3 11360 11318 9335 
3 4 9335 6336 6286 6241 
3 4 6469 3512 9363 6241 
3 5 391 6241 11456 6500 11562 
3 3 391 68 3314 
2 2 6286 9403 
2 3 9498 3211 68 
2 4 9498 3262 6496 6500 
3 2 3262 6598 
3 2 6598 516 
3 4 587 9522 11562 11519 
3 3 11519 13068 516 
3 4 6583 11435 11470 11494 
4 3 587 3547 11494 
3 2 9559 6583 
2 3 516 6560 6446 
3 3 516 3576 11483 
3 3 11483 3536 11548 
2 4 11506 9534 6569 485 
3 4 11506 9561 454 11420 
3 3 11420 9500 11548 
3 2 11563 9434 
3 6 9523 3549 9578 11563 485 11420 
3 6 6449 3579 11535 6599 9578 3549 
4 4 512 9725 9523 11506 
3 4 3671 9492 6533 512 
3 6 9495 527 3495 3509 11463 9492 
3 5 3552 6572 9525 11508 9495 
3 4 11465 503 9478 3671 
2 3 6536 9510 11465 
2 4 6657 655 3659 3671 
3 5 620 3626 651 669 3671 
3 7 9737 11565 595 11582 629 11596 3671 
3 5 9737 11565 595 3598 620 
2 6 6766 11702 6775 11720 9717 9737 
3 6 9737 6777 9710 743 3737 3933 
2 5 743 11697 11699 3749 6766 
2 4 6775 9734 9751 620 
2 5 6960 3946 9853 9824 6927 
2 4 6766 943 9723 6960 
3 5 6960 9898 11877 958 11834 
3 2 11834 911 
3 3 911 3928 9909 
2 4 6788 3772 11891 9909 
3 7 11834 958 11713 762 780 3589 6613 
3 3 3594 11593 6613 
3 6 3594 9607 11576 6648 3621 620 
3 7 9607 9748 769 3754 11709 760 9898 
2 6 3594 9609 667 9644 6518 512 
3 4 6613 11794 648 3652 
3 5 3652 3669 3506 11491 11506 
2 2 3652 9642 
2 3 9642 6698 698 
3 11 11506 11518 6949 3506 9490 3533 6531 9658 6698 698 678 
3 3 678 6529 9503 
3 3 9503 549 3558 
3 5 9503 1346 3629 11502 9559 
4 4 11506 11518 11549 13011 
2 5 11420 454 3402 11549 13011 
2 3 11531 11502 9559 
3 3 11516 1346 9503 
3 8 11506 11518 6949 551 11732 6545 5291 11516 
3 6 6613 3589 6784 6609 9745 6780 
2 5 6788 771 9741 11730 6780 
3 4 3780 776 3782 6780 
2 3 9620 6683 678 
2 6 3780 607 6635 636 9618 9620 
2 3 663 9638 9620 
3 3 663 11640 3692 
2 2 678 11640 
2 7 663 11623 6680 6678 9633 11618 673 
2 4 9515 9681 3703 9665 
4 4 9665 11651 704 11666 
3 3 9648 6690 11666 
2 5 11666 6690 9679 6687 3673 
2 3 9679 9650 3684 
2 6 3673 3674 6673 3657 6656 11584 
3 3 6626 628 11584 
2 5 3673 3674 6673 11595 6626 
4 3 688 3684 9665 
2 4 673 11634 3675 688 
3 6 663 11601 3641 9600 9584 3780 
4 3 603 3604 11584 
4 4 603 3776 773 3780 
3 5 11618 9630 11598 9598 603 
2 3 3776 11734 6606 
3 4 6606 6793 9582 11584 
4 4 3780 6790 9752 6606 
2 2 6606 782 
3 4 782 9924 967 925 
3 4 6788 6973 6946 11833 
3 3 11833 6875 6862 
4 4 6606 6985 1616 9907 
2 3 925 6926 9794 
2 3 6831 9838 925 
3 3 9784 6843 883 
2 4 883 6939 3966 6831 
2 3 819 11803 883 
4 2 11846 9904 
4 4 11846 923 9826 819 
2 6 9990 12066 3901 10027 3968 851 
2 3 11998 11837 9784 
2 5 11837 9856 6972 3958 955 
2 5 4159 4014 1009 7147 3857 
2 5 4159 1156 3857 10074 7059 
2 4 11773 11874 11824 9772 
2 6 383 3307 6412 9362 6345 9279 
2 4 11380 11082 161 6050 
2 10 9279 11376 9300 9410 9251 9329 9406 6397 9393 11380 
2 7 295 3375 3063 6188 9209 9109 11188 
1 10 11376 6120 11160 11327 11215 329 299 6148 11390 11380 
2 4 6296 6360 6229 9483 
2 4 9483 6342 6222 9340 
1 3 9483 3354 9262 
2 5 3320 9295 11342 11358 310 
1 4 310 7482 10323 9340 
4 5 514 573 11432 6440 11542 
3 3 3583 9457 11467 
3 3 11666 6739 9692 
2 4 9692 13250 11511 3569 
3 3 9692 9539 3484 
1 3 11539 3537 6561 
3 4 3484 9551 9567 3583 
2 5 3484 11539 581 3550 3581 
2 6 9660 9690 6561 11679 3716 9692 
3 6 9660 11663 9676 6720 3700 11666 
1 4 6720 686 11627 3670 
2 6 9660 6703 682 3670 9611 11581 
3 2 11581 3654 
3 3 6626 599 9627 
3 6 9648 9646 596 3654 9596 9627 
2 5 11581 3654 596 9646 9648 
1 3 9648 11630 686 
2 6 6703 3680 11610 9643 9608 6647 
3 6 9660 11625 6670 3623 619 11577 
3 3 11581 624 9595 
3 6 11583 11586 11580 11577 6647 9595 
2 3 11787 3617 619 
2 2 3617 11580 
2 4 9606 11787 3614 11586 
1 3 3601 3592 11581 
1 3 624 6619 6983 
2 3 599 11564 3601 
2 2 6626 11735 
2 5 3601 6611 11901 3974 3924 
2 3 9627 6650 3601 
2 3 3882 11832 9906 
2 3 11583 6998 9906 
1 4 3882 3833 3526 11818 
2 9 4109 3988 1109 976 863 6930 3844 10163 11818 
2 5 949 965 11868 11887 9906 
1 4 965 9771 3630 6652 
1 10 949 3971 3952 3819 6842 9769 649 9783 11597 657 
2 4 949 3908 3937 6923 
2 7 11829 9833 6895 3893 11905 9862 6923 
1 3 9862 9888 9902 
2 4 11652 9701 6747 9716 
2 2 11652 6706 
1 4 9716 744 6761 9548 
2 7 9548 577 3407 414 3577 565 9716 
1 4 565 11686 9683 3724 
3 2 657 6677 
2 3 6677 11603 9617 
1 4 9617 6658 9612 6842 
1 8 9617 3636 3639 637 6652 11657 11592 9606 
2 3 9606 11608 9640 
3 4 9617 3663 9651 11652 
2 3 3663 11619 690 
2 4 6711 3694 676 6679 
1 4 676 11622 9640 6682 
1 5 676 9670 711 11672 6747 
1 3 711 3689 690 
1 4 6711 3709 3696 11644 
2 7 9660 684 11646 11644 11659 6735 3730 
1 4 684 6700 9621 3617 
1 3 3730 9706 11691 
2 4 11646 9656 6682 11608 
1 3 6751 11520 3730 
1 3 746 11676 6731 
2 5 3581 6586 11691 3548 746 
2 2 6314 3288 
1 3 9483 3354 6314 
3 4 6332 11265 348 3288 
1 7 9340 9240 9317 11291 3074 496 3152 
2 5 3152 11426 11127 11443 4640 
2 7 4640 126 3120 181 11080 6174 3151 
2 4 11105 6108 9194 3083 
3 4 3151 3060 9100 9206 
2 5 9206 6082 11056 9183 9073 
2 4 9073 67 6144 11105 
3 4 11370 277 6340 3320 
2 9 362 3380 3351 6347 6321 9290 6567 524 3544 
3 7 6558 17 11515 493 9508 9400 3544 
3 6 362 389 3324 279 3381 17 
3 2 11467 6464 
3 7 6464 13255 9427 11430 6416 467 3544 
3 3 6464 9567 3583 
3 7 11479 9468 6522 6499 442 11413 9427 
2 6 11479 9558 422 11441 6546 3392 
1 5 3544 524 402 9544 3392 
4 4 3501 13070 11333 6103 
2 2 9458 507 
4 7 540 3463 9484 6351 11471 507 6103 
4 2 3369 11471 
4 4 9297 6270 9268 11221 
2 3 3369 7239 9297 
4 4 6103 11374 221 271 
2 3 9297 11345 9315 
4 7 6103 11221 296 9322 364 11382 9315 
4 4 3369 6378 377 407 
1 4 377 3241 6301 3301 
2 4 9315 11382 9269 11297 
3 5 11218 11332 6399 6335 6384 
3 4 351 11299 11378 9392 
2 6 11218 9350 6350 9237 6395 3273 
3 3 9392 9383 3273 
1 8 9383 6300 3150 11136 200 11207 9161 9075 
1 4 9383 159 11306 9075 
2 4 3379 3242 3359 11293 
2 3 3379 3242 385 
2 7 7394 9284 6313 9310 303 3342 11293 
2 3 3392 11247 11301 
2 7 11301 11357 400 11386 266 395 6332 
3 5 3320 9274 3393 347 11301 
3 4 11370 11216 9236 9304 
2 3 3309 318 347 
2 6 11399 3559 3521 12562 524 3544 
1 4 11399 6580 536 11479 
1 6 3458 3559 3521 12562 524 3544 
1 7 310 6459 3219 6326 6249 9323 11241 
2 4 11241 323 6293 11234 
2 8 11202 11097 3053 6139 181 11080 6174 3151 
1 4 11202 9408 9120 126 
1 5 592 9221 6099 9079 11426 
2 10 11234 9331 320 9234 11109 117 6197 79 6174 3151 
1 6 222 3333 6242 9353 207 11234 
3 5 11349 11326 366 9302 11282 
1 5 11349 6264 3235 9287 11234 
3 4 11370 294 11322 3331 
3 4 3331 11220 11290 306 
2 2 11241 11220 
3 2 3331 9289 
1 6 383 295 11070 69 11151 11184 
2 4 6115 14 9174 11029 
1 8 122 6145 9170 3059 6080 144 9103 6115 
1 7 6115 11078 6160 3021 11028 9227 11206 
1 3 192 6055 101 
1 5 101 3095 11155 9226 3104 
1 3 3108 205 130 
1 10 6050 9149 3182 11091 9117 49 9051 125 9035 3108 
3 4 9197 11068 149 3151 
3 7 9197 70 11059 11153 6057 90 11159 
2 10 11159 9118 3033 11092 155 11175 6021 94 9195 3189 
2 9 3189 86 3008 9162 3121 6181 9201 11117 3134 
1 4 3122 6013 9038 6138 
1 3 3013 11043 9163 
2 10 11202 415 592 9485 6408 308 11291 9317 9240 9340 
2 5 415 319 222 341 310 
2 10 306 3362 6387 9272 11254 335 401 3327 3391 6380 
3 4 11370 216 386 3350 
3 2 6373 3350 
3 3 6373 6344 9288 
3 3 9289 3378 6373 
2 6 6593 441 9568 3507 9249 9288 
2 9 6593 3470 11543 6435 572 513 422 6580 11399 
3 8 11479 491 11427 438 462 6429 13253 476 
2 4 9481 11464 11514 6593 
2 5 11479 6483 11411 11550 9548 
3 6 476 9423 9576 754 741 11670 
3 5 476 9481 11490 504 525 
2 8 3686 705 3722 568 737 3573 588 11405 
3 2 11405 11437 
3 9 11437 6423 6451 3452 458 11438 9465 504 525 
3 6 11437 453 472 3449 3466 6474 
3 4 6474 6493 9430 9417 
2 5 3734 3752 765 9744 585 
1 3 3734 6768 9709
1 5 9709 9726 9688 748 6753
1 3 9688 11727 6765
1 3 719 3760 3734 
3 3 3672 3682 3668 
2 6 7661 7495 4458 7624 4463 3668 
2 6 3653 772 654 9626 1530 1599 
2 9 1599 11708 1539 11674 11645 4477 4614 1536 7661 
3 3 9417 585 3587
1 8 3587 6781 9709 735 9694 11678 731 6718
1 5 735 11681 3720 3717 3698
3 4 413 3527 510 6494 
3 8 9417 11434 11450 9488 3519 3540 6591 6494 
3 6 6474 3479 502 6530 3531 418 
2 7 3527 9552 9489 11439 3409 9556 418 
3 5 418 9449 3492 558 3580 
1 4 11504 3557 11397 418 
2 7 525 11557 9543 11530 9519 559 11504 
3 4 525 11557 6458 11489 
2 9 3335 6252 11284 11235 11300 3263 6348 6414 6380 
3 4 3580 9260 9328 9355 
3 5 9355 9411 11242 3292 6262 
4 6 6262 6396 6290 9348 6414 6380 
2 3 413 6341 6398 
2 4 6398 6230 6279 3356 
2 7 3356 9330 11268 9282 9348 6414 6380 
3 4 3578 3426 9460 6492 
3 4 6398 6369 9339 9312 
4 6 121 252 6356 9278 9378 6380 
2 7 121 9122 11099 2 9168 2996 9131 
2 4 9197 70 11174 3140 
2 9 3140 172 9107 3163 11083 81 9207 11189 9131 
3 12 6380 301 11362 6316 378 280 3370 3268 6392 6295 6299 11375 
3 3 11344 3303 11375 
3 11 6380 301 3290 9235 11217 214 3339 6362 6410 9407 11344 
3 5 9258 9409 6382 6328 6492 
2 6 9258 9286 6391 11262 11394 11344 
3 9 11344 11277 3352 6374 6253 9373 11356 11243 6338 
2 10 9258 11269 3317 286 3276 3246 6226 9365 9243 11225 
2 8 11225 11348 393 3357 3330 6515 9420 12128 
1 6 12128 12298 1210 1406 4261 10224 
3 8 11225 11377 11256 3265 4324 4283 1305 1278 
3 6 1278 12117 10142 10329 12157 9292 
3 5 9292 1233 12287 10133 1821 
2 7 12128 3563 4322 1254 4294 7370 10253 
2 7 7243 4300 4374 4227 1314 12294 10253 
3 7 6338 260 9336 3251 3300 6388 6278 
3 11 6278 7403 206 1380 10286 10314 361 3280 7320 10133 1821 
2 4 7375 11228 237 3280 
2 10 7375 11352 7346 12203 9293 370 3027 3139 272 6124 
2 13 9131 2996 11143 143 3135 9200 11075 73 3066 3103 6089 9214 6124 
1 5 7477 7563 4599 12491 12333 
2 5 3951 6808 9806 6908 11747 
2 4 3951 6871 11811 11829 
1 3 11811 904 11866 
2 6 3951 3983 9878 3876 11860 940 
1 3 940 9755 6807 
1 5 6807 9763 9830 11810 11746 
1 2 10056 11810 
3 5 1821 9553 1543 10189 4824 
3 3 9292 1327 1292 
2 2 3277 399 
1 3 3325 3277 6364 
2 3 11366 332 399 
3 8 1292 1775 1294 12521 4780 7800 1709 10696 
3 8 4824 7846 7774 3472 10600 12652 4700 10696 
3 6 10696 12679 1733 1860 7825 7274 
2 9 1459 10148 10366 12397 7597 12329 7657 7600 7243 
2 5 1459 11687 7682 7501 1554 
1 6 12333 8099 10414 1649 10470 1554 
3 8 7274 4866 7757 12631 7886 10712 10639 12691 
3 8 12691 12621 1876 1813 10549 10661 12540 4797 
3 10 4797 1762 4837 10528 4766 12507 7860 10683 7786 4677 
3 9 957 6989 11750 6684 664 6686 11643 10466 12189 
2 6 7642 4434 4621 1425 4406 7381 
2 5 7642 10135 12293 4390 4608 
1 4 12268 10322 10150 12138 
1 5 10322 4276 1313 4320 4361 
1 3 4652 1648 10509 
2 5 12299 4424 7427 4412 10297 
2 18 10297 1376 12215 7342 1291 12144 7236 4371 1337 4312 12201 1281 1308 4388 12220 12122 1427 7408 
2 9 7408 10250 10221 12173 10411 7572 7353 7492 1488 
1 4 1330 12127 4336 1403 
2 3 1330 10154 10283 
2 7 1330 12127 1417 12256 4626 12449 12404 
1 3 12256 1650 7034 
1 6 12404 10386 12492 12464 1082 4425 
1 2 4119 4075 
1 8 4075 12075 10075 12319 1522 4501 7446 1319 
3 2 1182 9998 
3 3 9998 7157 7087 
3 3 7087 12097 10125 
3 2 7072 11960 
1 3 7072 7113 1133 
3 3 10125 4142 11960 
1 4 10125 7187 10015 10128 
1 5 10125 4069 10100 12072 11908 
1 2 12072 7157 
3 3 7072 12031 7212 
3 3 7212 11946 1092 
3 3 1092 10052 11985 
2 2 11960 1136 
2 2 7072 1136 
2 8 1136 9985 10055 1167 7145 1191 7050 11985 
2 2 1025 7110 
2 2 7110 9950 
2 6 4102 1183 12006 11925 4164 7110 
2 7 4102 11949 1020 7178 10092 4027 1025 
2 2 11985 1025 
2 3 7212 4094 7197 
1 2 7212 10055 
1 3 4094 4179 7046 
2 4 1136 1067 7102 10032 
2 7 1182 4188 4100 7016 4118 1024 7169 
2 2 4188 4184 
2 5 7169 12056 3848 6994 9859 
1 2 7169 4067 
1 2 4153 4067 
2 6 1117 11930 4067 1063 9865 6994 
2 2 12007 1117 
1 3 1117 4153 1024 
1 3 12446 1322 1820 
2 3 12007 10128 10032 
2 5 1182 1097 11908 11989 12007 
2 3 3962 7532 10444 
1 5 10444 10512 12421 12352 4576 
1 6 4576 1642 4646 1512 7595 12421 
1 2 9859 3962 
2 4 4056 4086 1081 11977 
2 4 11948 10110 4126 11977 
2 5 11948 12085 1054 12060 4086 
1 4 7021 1148 11958 848 
1 2 1148 7125 
2 3 9790 11770 6928 
2 4 11977 7204 7221 7125 
2 5 7125 9981 848 10083 6928 
2 5 7125 12040 11915 10065 4052 
2 5 4052 9790 912 11835 6981 
2 4 11835 6860 3839 3895 
1 7 912 11896 11828 3949 9759 3888 887 
2 3 887 916 9831 
2 3 4572 7663 6947 
2 4 946 9913 7591 7523 
2 4 6947 946 9883 11862 
2 6 6981 3970 836 3895 9885 11771 
2 5 11771 987 9781 11764 964 
2 6 9885 3849 887 3913 3932 6947 
2 3 11764 9835 3934 
2 6 934 11855 7633 7575 6988 4495 
2 7 11855 3881 9873 11801 881 6969 9843 
1 3 11801 10331 4495 
2 4 964 3783 6851 1150 
2 3 9843 11761 10068 
2 11 11771 6951 11815 3934 934 6837 11886 3900 1052 12043 10068 
1 6 10068 9969 11996 11980 7189 1069 
2 5 9843 4140 12026 7109 4190 
1 5 1069 12045 4071 7089 10000 
2 4 1519 4538 12062 4190 
1 4 1519 12344 4469 1438 
1 3 9843 9776 952 
2 5 1069 4037 10043 9956 12055
1 8 11913 1146 10008 7094 11916 1161 11973 12055 
1 3 7014 12052 10076 
1 4 10076 7120 996 11913 
1 4 7014 12076 4042 7191 
1 5 9974 7058 1096 11991 7191 
2 6 4190 1188 1169 4144 1139 9958 
2 4 7381 12249 1386 4434 
1 5 1386 7223 12277 1413 4390 
2 8 9958 10364 12012 7568 7580 9934 7167 4619 
1 6 4619 4631 9999 7097 13143 12495
1 3 3992 7653 1628 
1 3 10062 7108 1047 
1 8 9958 7656 10098 9995 11973 12055 7200 1029 
2 5 12068 1091 11959 7214 7186 
1 5 1047 12095 1120 9970 9982
1 3 9991 12010 11968 
1 5 11968 9993 12423 1497 12366 
1 2 9993 11929 
1 7 4245 10077 4644 7662 7565 10389 12338 
1 8 4245 10077 1609 4616 10443 10389 10349 12366 
2 7 4245 10077 4644 7593 7537 4544 4516 
1 6 4245 4062 7220 1444 12035 12307 
1 5 4245 4062 4104 1101 10060 
1 5 10060 10116 12462 11978 10001 
1 5 10001 10255 4237 1228 7340 
1 5 7340 4280 12114 4472 8087 
1 6 10278 12180 10152 1430 4321 7340 
1 4 10278 7436 1268 10246 
1 3 10246 4416 7265 
1 4 10278 1344 12734 8011 
1 5 10246 4416 1409 7288 1321 
1 8 10278 1344 12734 10808 8067 7363 10274 7447 
1 4 7447 7391 10190 7244 
1 4 8011 8100 10208 4278 
1 4 8011 8100 4414 10756 
1 4 10756 10259 5104 8087 
1 6 10278 1344 7310 12779 10296 10756 
1 4 10756 10259 5104 1359 
1 3 8087 10324 1359 
1 5 1359 12142 4353 10270 1349 
1 8 4278 12105 7250 12295 10210 12182 12269 1349 
1 6 1349 7013 4187 7150 11952 9975 
1 5 4516 1569 2005 7938 5040 
1 3 5040 5055 12137 
1 4 5040 4045 2036 12137 
1 3 4516 10751 9973 
1 4 9973 4299 1377 12137 
3 4 12137 5086 10794 2086 
2 6 2086 2032 10729 12822 12005 10887 
1 7 2086 12868 2002 10772 10066 9084 10887 
1 3 10887 9084 8007 
1 3 3456 10108 4110 
1 3 4110 7084 10735 
1 3 10735 8098 5105 
1 4 10735 1971 10898 8007 
1 4 10887 4979 8022 12763 
1 4 9975 1144 7207 4132 
1 9 4245 4062 7220 1059 1538 10428 9946 7574 10401 
1 5 10401 12420 4557 4883 10030 
1 6 1349 7013 4072 7060 7430 10030 
1 6 10030 4950 11995 4953 5096 5040 
1 3 7260 7344 10201 
1 4 5105 8013 12761 5075 
1 7 5005 7953 1922 2065 1982 10922 10837 
1 4 7602 10385 10768 10837 
1 2 2089 8001 
1 4 8001 2004 7994 2097 
2 4 11746 806 3889 12473 
1 2 12029 806 
1 5 12473 7140 1056 4550 4111 
1 2 4111 792 
1 3 4206 1201 1065 
1 6 1065 11919 792 1108 10087 1056 
1 4 1065 7170 1074 4111 
1 2 1086 4206 
1 4 11976 4591 4574 7151 
1 4 4111 1074 7170 7151 
1 3 1065 7170 7151 
1 6 4206 4088 4161 11979 1155 12049 
1 2 4073 12049 
1 2 4073 7011 
1 5 12758 5099 7970 12455 11976 
3 5 4345 4417 10320 7433 12149 
2 2 7433 10174 
2 12 10320 10174 12221 1282 4342 4285 1424 7304 7644 7361 1354 4623 
3 4 4345 9601 7291 12149 
4 3 4345 4270 3778 
2 3 4345 1341 3778 
2 3 3778 6630 3605 
3 8 3775 6797 9580 11567 3605 6625 4270 4345 
3 6 3775 6607 9585 11728 3640 9467 
3 13 9450 6713 11641 11685 9684 6769 11669 9724 9711 722 11695 3763 3775 
3 7 3778 3635 3661 9634 6676 6510 9467 
3 13 9467 12278 12582 5205 751 4854 10599 9678 1849 7776 12550 6827 6752 
3 7 751 709 4738 4834 7829 4029 3699 
3 4 3719 1870 4790 4872 
3 11 9467 7366 4869 1782 10718 4775 7899 1769 4875 4426 4872 
3 3 12603 10611 4739 
3 5 4739 9669 6726 515 3010 
3 7 4872 12688 3721 12593 12663 3481 4739 
2 5 12603 1788 3721 12688 4872 
3 5 12603 10611 11440 10684 7787 
3 7 7787 4765 4877 4343 7853 1858 1408 
3 3 4765 3706 10684 
2 2 7787 3010 
3 6 3010 6754 1347 7761 1737 7853 
3 4 1408 4428 10157 7315 
4 3 7315 12214 10327 
4 4 7315 7386 10271 12211 
3 2 12603 4759 
4 4 4759 10709 1752 3719 
4 4 3719 10618 6752 1866 
4 2 9450 12357 
3 8 12357 9657 926 1760 10526 3699 1719 1866 
4 6 1866 4807 4664 10341 12456 12357 
3 9 9450 12368 6737 11589 1560 10341 4664 4807 1866 
3 7 9450 6713 11641 695 691 11656 6710 
3 7 6710 9724 9711 722 11695 749 11654 
4 5 9450 6713 9654 11637 689 
4 4 689 3685 9825 6890 
4 5 11654 6707 3687 882 6890 
3 4 6732 3906 11830 9832 
3 8 3878 6911 3806 11665 10381 11662 7345 4345 
4 4 9832 6909 9847 3878 
4 2 3878 6882 
4 3 6882 3863 6845 
4 3 6845 3824 6984 
3 2 6984 3957 
4 5 3957 873 3823 11841 10412 
4 8 6845 6869 11785 9804 847 3850 880 11800 
4 4 6855 827 9808 11800 
4 11 9450 6713 9653 870 11791 3872 659 3853 6874 9808 11800 
3 6 1595 9796 831 11776 11760 6855 
2 2 1595 4527 
3 11 4527 4601 9775 9760 7528 3975 801 9923 6823 6929 3957 
3 6 12211 3513 12183 7865 12553 9616 
3 6 1866 9880 7536 12577 12646 12586 
3 9 9450 12312 11589 10478 7306 12418 1770 10666 12586 
3 6 12586 7852 3855 3613 4760 4723 
2 9 9450 12368 6737 10393 7539 1586 1678 9892 12586 
3 6 1595 4531 4437 10461 9682 9450 
4 10 11654 734 3733 3702 9708 1436 9693 3806 6911 3878 
2 4 6696 1881 10448 1595 
2 4 6696 12709 12568 9727 
3 3 4527 1445 9727 
3 4 1572 12381 1480 11975 
3 6 1843 9834 10489 866 12439 1572 
2 3 1572 1584 7388 
3 6 1572 12353 1433 12470 10492 12384 
3 3 12735 7422 492 
4 4 12384 7583 860 492 
4 3 7480 10520 492 
4 3 7552 7524 4464 
4 3 7552 1453 10449 
3 4 7552 1453 1643 1528 
3 5 1528 12401 6968 9829 3960 
4 4 3960 10861 10504 10337 
4 6 10337 1500 12313 4507 4535 7552 
3 5 10337 12410 4884 2042 6785 
4 4 10337 12341 1927 12782 
3 5 3960 7981 5022 1927 12782 
2 3 6785 12369 5015 
1 3 5015 10769 12835 
3 5 12782 6987 5061 2060 12835 
1 2 8097 10740 
2 3 12835 7973 8003 
2 3 8003 10916 10830 
2 3 10830 12745 8097 
4 6 12782 2019 12728 5038 10894 10740 
2 4 5021 2083 12721 12835 
2 3 1965 2011 4956 
1 2 4956 5021 
1 5 4956 2083 1952 12721 12835 
1 2 4956 10172 
1 4 1965 2011 2008 10172 
1 4 10172 12804 10853 8003 
1 4 1965 12755 4887 13089 
4 2 3834 853 
4 5 3834 7920 5044 12791 10740 
2 4 4908 4977 1945 8057 
2 5 13089 12746 12873 10895 8057 
1 3 8032 2051 13089 
2 4 12753 8236 10773 12810 
1 3 12753 10842 10886 
2 3 3960 9829 5001 
3 6 5001 7485 12458 12489 4444 1646 
3 3 7202 1547 11975 
3 4 10412 3925 11738 788 
3 4 7202 10029 7012 4491 
4 7 12384 638 10394 1485 4653 4491 7138 
3 9 7202 7012 7134 11927 7083 7045 11783 6943 788 
1 4 1132 4168 6943 788 
2 4 7138 7083 12054 1132 
4 5 10412 9931 12445 10081 7138 
4 3 4464 7668 7480 
3 5 3957 951 11873 10343 7646 
3 5 7646 7466 4627 12637 9727 
3 3 9727 1582 913 
1 7 7622 10498 7451 10374 4476 7546 1550 
2 3 8252 5051 12798 
3 3 913 7791 10909 
3 3 12384 5090 10909 
3 4 12735 12803 968 10909 
3 4 12735 10192 10824 12501 
3 4 12501 1987 10615 7797 
4 2 1646 7797 
3 5 12735 1587 10753 7464 7797 
4 4 10449 10410 4510 1646 
3 4 6696 6974 12670 12501 
3 6 1595 12437 1604 7626 12305 4569 
4 7 4569 12305 10457 12497 7611 9682 9450 
3 4 4569 1621 12361 10717 
3 3 10717 1564 1534 
4 5 4569 12346 12463 10370 1534 
4 5 4569 4449 4540 4625 7797 
2 11 6464 506 584 11428 493 11515 243 279 3324 389 362 
3 5 9508 548 3230 3295 3324 
1 4 3295 3324 389 362 
3 10 9450 12368 6737 10339 1527 4590 7449 7607 12361 10717 
2 7 1866 9880 1867 12667 12620 3750 1747 
3 8 4723 10640 10711 1815 12651 1851 12585 4860 
2 3 4860 10593 10624 
4 4 12211 3513 4328 4274 
4 5 3588 6665 3471 10151 4274 
3 4 4274 4347 4331 3588 
4 3 3588 9697 9713 
4 4 9671 3677 6699 9713 
4 5 9713 6699 6694 6876 4518 
4 4 4518 9911 941 10387 
4 3 10387 10483 9814 
4 4 9814 11757 7517 1562 
4 3 1562 12374 7986 
4 3 7986 8115 853 
3 4 10387 12303 4727 7986 
3 7 10327 12673 12124 3781 6742 7779 4860 
3 11 4860 12572 4857 7880 1767 6722 12566 1836 4772 1752 3719 
4 4 10624 4863 7883 4759 
4 8 10327 1690 1832 4838 1854 1857 10593 10624 
3 5 10717 7834 1352 7892 4740 
4 4 1534 9802 4811 4740 
3 3 1534 2043 1806 
3 6 3960 2082 8025 5103 1618 1806 
3 3 1806 7904 10798 
3 3 10798 11802 4740 
3 5 3960 9920 5085 3875 3972 
3 3 10798 10702 3972 
3 5 4740 11802 7762 2055 3972 
3 2 3972 9908 
3 5 9908 12624 4586 10340 4740 
3 6 9908 12893 10867 8070 3867 10740 
3 4 10740 12791 3883 4975 
3 3 4975 10642 12627 
4 5 4740 10340 4586 1738 12627 
3 3 12627 10588 1827 
3 10 10717 7834 4757 12513 1753 10532 4871 12570 12642 1827 
3 9 10717 7834 1352 7892 12024 4814 4586 1738 12627 
3 3 1827 7780 4723 
3 3 853 1793 11814 
3 4 11814 4799 4657 10387 
3 4 853 7747 6897 10573 
3 4 10573 10645 12552 4975 
3 4 10573 7821 12765 11814 
4 9 12627 9792 868 1658 6887 1756 4742 10662 4865 
2 8 4865 10651 12573 12699 850 4799 4657 10387 
4 9 4865 10651 10591 7827 4736 10422 11698 710 9713 
3 3 4865 10582 12535 
3 4 12535 1789 10556 9616 
3 6 12535 7888 12633 12561 10640 4723 
1 4 1814 4804 12617 12604 
2 8 1814 4804 12617 7783 1713 7887 1565 4543 
1 4 1814 4804 7692 1801 
2 4 2197 5195 2203 2211 
2 5 7798 4776 12932 12924 12910 
2 8 7798 12576 7755 1667 10455 10682 12435 12406 
2 10 7564 7535 7522 4481 12308 7651 10487 10460 4560 7566 
1 4 1454 12104 1431 7669 
1 4 12364 1555 4573 7621 
1 5 12364 10402 12394 12409 1639 
1 4 12364 10402 12394 10418 
1 7 12364 12351 10390 8208 5184 12970 8215 
1 3 8215 10992 650 
1 2 650 8222 
1 4 650 5191 8194 5228 
1 4 5228 11000 5171 12994 
1 3 12994 8217 5131 
1 4 650 8229 8251 5121 
1 3 1639 12494 10935 
1 3 12364 12351 7500 
1 3 7500 10985 12942 
1 5 8187 10943 12453 10515 12364 
1 4 8187 8238 2173 2152 
1 5 10362 12496 1613 1626 4604 
1 6 7500 5163 10975 8255 5143 8216 
1 3 5131 2174 12930 
1 6 8216 10965 2224 5229 10987 12930 
1 3 12930 8157 5230 
1 3 5230 13195 13086 
1 2 2210 2182 
1 3 4604 4589 10447 
2 7 4604 4589 7594 1542 1529 5156 8181 
1 4 8181 7553 10947 10513 
1 2 10513 5112 
1 4 10513 10432 5172 10980 
1 5 10980 8190 12996 2153 10999 
2 4 10980 12334 8148 7476 
2 8 10513 10947 12972 5186 12937 2181 10959 8189 
1 6 10513 10947 12972 5186 7636 12977 
1 2 10946 8143 
1 4 10998 5182 10967 5168 
1 2 5168 2227 
1 2 2229 10963 
2 4 10963 7605 5203 1509 
2 2 1509 10697 
2 3 10697 4822 4696 
1 4 1468 4556 12648 10400 
1 2 2213 10400 
1 2 7576 1468 
1 2 4696 1833 
1 4 8245 1688 5106 10400 
3 2 10697 5231 
3 3 5231 12648 10400 
2 2 10963 4879 
2 2 2120 10929 
2 4 10929 1874 12963 8214 
1 3 8214 10668 5231 
1 4 10929 1874 7872 5199 
1 3 5199 12504 191 
1 5 8214 12963 1874 7872 5199 
1 3 10968 12925 5117 
1 5 2196 8205 12911 10932 8144 
1 5 1939 10860 5160 12929 7088 
1 3 1939 5196 5210 
1 3 7011 10005 11964 
2 4 7011 10073 7164 4076 
2 2 7011 3996 
2 4 3996 4055 1068 10031 
2 4 10031 7144 11974 12044 
1 5 11999 1064 12071 1151 12044 
1 3 8105 10745 7989 
2 2 7989 2046 
1 3 2046 2003 12725 
1 3 2046 12881 12806 
2 7 11969 7180 7162 4129 11921 10026 7005 
2 2 11969 9994 
1 2 9994 1046 
1 3 12051 7081 1160 
1 4 11969 7180 1046 4163 
1 6 12051 7065 13077 4131 11939 1145 
1 5 1145 9964 12760 11923 7132 
1 6 7132 4150 7008 12018 7958 4933 
1 7 7132 4116 989 1111 4097 11987 7100 
1 4 7100 1194 10113 9945 
1 3 7100 10070 7069 
1 4 7069 10023 4139 4108 
1 3 5010 7980 8124 
1 4 2012 8015 12710 4948 
1 5 2050 12900 2025 1969 4972 
3 4 9570 6462 9511 11467 
2 4 3458 6416 11430 9427 
1 3 3458 467 3544 
2 3 9817 11673 6734 
3 4 321 11305 9320 9347 
3 5 3522 9238 9294 11305 321 
1 5 3522 9238 9294 9320 9347 
2 7 2086 2054 1908 4984 10847 1980 4110 
2 7 2086 2054 1908 4149 12886 1103 9975 
2 9 4245 4204 7593 12452 1637 10471 10332 7938 5040 
1 8 3022 6038 3111 11049 3162 11052 46 3108 
4 3 11542 9429 583 
2 4 9570 3485 445 583 
3 6 583 421 6562 11511 13250 9692 
3 4 3583 3414 6562 3569 
3 3 3569 3553 583 
3 5 3569 557 3718 6739 11666 
2 6 11542 9429 583 421 6562 3569 
2 3 1965 8089 12810 
2 4 4908 10765 8012 3834 
2 3 7859 12435 12406 
1 9 12406 7520 10388 4478 4658 10500 12451 10430 7564 
1 4 8186 5225 10925 12910 
1 10 12406 1537 10427 12377 11019 2114 8249 5211 5225 8186 
1 13 8186 10927 8165 5197 12948 2191 10969 8200 10949 1526 10983 2157 1652 
2 9 6928 3981 3852 6922 959 6822 898 944 11862 
1 4 944 9897 3944 6944 
2 6 11862 6964 11893 3791 12482 7670 
1 3 7670 10463 9623 
1 4 10463 10519 12443 12500 
1 6 957 3977 810 3815 1571 7670 
2 7 11771 11808 916 4642 4572 4503 4633 
2 4 4572 11744 7523 10433 
1 7 10433 7526 4592 7897 7613 12548 7832 
1 2 7897 1588 
1 9 12279 1372 10306 12236 1221 10265 7323 10165 1415 
1 7 4412 12255 10227 7329 1279 12131 7236 
1 3 4592 4649 10379 
2 3 10433 7582 4506 
2 6 4506 12485 4876 10638 4745 7743 
2 3 7743 4719 4677 
2 4 9831 930 4633 4506 
1 5 930 1499 12337 1558 12469 
3 7 4725 10655 7801 12678 12261 4805 12189 
3 9 4725 7763 12657 10678 7851 12543 10559 7725 4677 
1 3 4506 1588 12618 
2 2 3585 6418 
3 3 6418 6592 9541 
2 3 9541 11525 3569 
2 5 9541 543 6552 9527 11666 
3 2 6418 11542 
3 4 11542 6440 3418 3585 
2 6 3585 6470 11404 3474 9416 11544 
4 3 9315 6318 6384 
3 5 9315 9379 9332 11270 351 
1 4 7081 11953 12034 12888 
3 6 516 3516 6196 11407 9418 6583 
3 5 13011 9472 13081 3516 516 
1 8 9488 11459 500 509 9516 533 9504 3529 
2 9 3529 9504 3582 9436 11423 6506 9475 6539 3578 
1 4 11752 7545 1489 952 
1 6 9878 6945 11796 3927 6992 4112 
1 5 6912 11778 9921 928 4112 
1 5 3983 3856 981 11898 928 
1 4 6938 6920 9844 11747 
1 4 3950 6950 960 11894 
1 4 921 6977 9777 3950 
1 5 921 3807 11844 804 11747 
1 7 3889 6813 9912 7620 9860 6965 3950 
1 6 12473 7671 9823 11871 12416 1578 
1 3 11853 6991 10472 
1 3 560 11503 6435 
2 2 11686 754 
1 6 754 3757 3575 6597 409 3452 
1 6 6344 9371 9396 11230 3278 11336 
1 6 11121 195 66 3172 11065 6013 
2 5 9206 11162 3050 6150 3187 
1 12 3187 3030 9061 3068 9169 193 6146 11079 9233 82 120 158 
1 4 6146 3125 9104 11141 
1 5 6138 3119 11033 9056 9163 
1 9 11121 158 11081 11164 11125 9147 6125 9186 3104 
1 8 3668 6701 700 6748 3726 6758 11706 9753 
2 9 3529 11474 520 6516 6486 11457 11429 6620 9753 
1 8 9958 1004 11931 6932 12713 7301 7406 7418 
1 12 4255 10137 10309 4379 1302 7280 12297 4397 10016 11936 1185 4075 
1 7 4075 12048 7015 9948 4121 4177 7137
1 7 4401 12232 10232 12204 1285 10162 4405 
1 2 12991 2020 
1 2 12766 12723 
1 2 8183 5224 
1 3 5224 2206 5196 
1 2 12944 8201 
1 2 12985 8202 
1 2 12391 8202 
1 2 10966 12958 
1 7 10966 2126 7548 12795 1516 4515 191 
1 3 4515 1817 12907 
1 5 1950 10766 10858 1929 1516 
1 3 7716 9986 1516 
1 3 1950 12808 11934 
1 3 11934 12741 12824 
1 3 10071 7931 12824 
1 2 12975 8193 
1 4 2120 12971 12908 12986 
1 2 12950 12971 
1 3 12589 12547 4822 
1 2 8248 12981 
1 5 10803 8122 5013 7983 8071 
1 3 12858 1909 8008 
1 2 10829 2012 
2 5 6124 9370 11149 11255 6372 
2 7 6372 9270 3349 3261 11275 9368 11375 
3 5 418 3531 3508 11452 453 
3 4 9355 9384 6411 3335 
1 7 11489 11425 9477 522 9542 11526 3580 
3 3 11489 3480 9506 
3 3 9506 546 9288 
3 5 3392 3256 6306 3309 9304 
2 9 3587 6417 3417 3443 11400 9459 9474 6527 3529 
2 6 9312 11436 471 9422 3465 6492 
1 7 6492 11408 544 11512 6528 3504 6494 
2 4 544 3539 11485 9436 
1 6 772 11599 11617 11647 9663 3698
1 3 1599 12380 3564 
1 8 12320 3564 10472 6991 11853 9954 11797 6965 
1 4 705 6724 9677 9680 
1 4 6718 6733 9647 3672 
2 3 585 426 6417 
3 2 3421 6474 
1 4 737 3755 11683 11546 
2 4 11670 9698 11703 11546 
2 4 6474 6505 9461 9488 
2 6 306 3210 11336 6305 3390 3335 
1 7 464 11455 6615 554 11480 9528 7370 
1 6 7370 7341 10224 7281 4411 7401 
3 5 9292 10213 12229 7401 10256 
1 6 1278 1258 4265 4311 7328 10256 
1 5 3187 6052 9176 6070 11150 
1 6 3187 3133 11046 6153 40 9118 
2 3 6558 388 9252 
1 5 11293 7377 285 11237 7394 
1 4 3379 3329 276 385 
1 5 385 11257 11371 9255 9321 
1 4 9255 9303 3396 6313 
2 4 11371 11238 369 303 
1 3 407 3274 6363 
1 3 6363 9364 3205 
2 3 407 253 6301 
4 2 11253 221 
2 4 9297 11279 6237 9315 
4 4 6384 3205 3301 9297 
2 3 11297 11317 11270 
3 3 11218 6320 3273 
1 3 3273 6385 11161 
2 3 11332 219 351 
2 3 11270 9397 6399 
3 2 9562 3463 
2 4 3463 3422 6489 9458 
2 3 9458 11446 3501 
2 3 9268 9239 11471 
2 5 6115 9204 11029 6151 9096 
1 6 9096 11176 9296 11367 6176 53 
1 2 3171 6115 
1 2 3171 11184 
1 9 11184 3007 179 3136 133 111 11206 9139 3022 
1 2 3021 3136 
1 10 3022 6038 9132 6173 9069 9208 6111 173 6214 9126 
2 4 3277 11251 317 6389 
2 3 9665 732 543 
3 4 11388 11233 11346 9363 
3 4 11417 9557 6555 9517 
2 4 3397 11445 9524 3561 
2 3 11697 9884 11838 
1 2 9765 3790 
2 5 11768 844 3926 9877 6866 
1 3 6924 799 3798 
1 2 11874 902 
1 2 7059 7147 
2 5 9990 12066 12098 10027 9856 
2 4 9904 11882 963 6831 
3 5 9904 9794 3885 9879 9907 
3 2 770 6780 
3 2 6946 9907 
2 3 9907 910 6875 
2 2 6972 6843 
3 6 512 3493 6688 3655 6644 9607 
2 2 11465 9495 
1 6 9909 3959 6975 9736 3768 6609 
2 2 762 3768 
1 5 6613 6786 11716 9728 11877 
2 5 620 6618 6773 752 11709 
2 3 6766 3948 752 
3 2 13011 6545 
3 2 5291 9559 
3 3 5291 11488 6698 
2 2 6621 9737 
2 3 11565 9597 6657 
2 4 11465 9867 9631 6657 
3 3 11483 6504 3402 
2 2 575 11548 
2 3 11508 9550 3579 
2 4 9550 539 11521 6599 
2 3 3509 3523 11521 
2 4 3509 3534 6547 9523 
1 5 3984 6998 9602 9756 11887 
1 2 11657 9756 
1 6 949 935 6857 6990 3936 11818 
1 4 6990 9791 11774 11905 
1 5 3988 7211 4193 1173 11965 
1 4 3988 7096 4078 11965 
1 2 9914 9875 
1 2 9874 9906 
1 6 3882 9874 6940 3939 3984 11583 
1 4 11899 982 3956 3984 
1 4 11899 11872 9894 6889 
1 3 11572 9591 6647 
1 6 11899 11572 6983 984 9586 3974 
2 3 9660 716 3731 
2 4 3731 6751 6573 3581 
2 4 690 3676 6709 6679 
1 6 6679 11605 637 11588 793 3971 
1 6 3694 9672 6731 9685 11689 6761 
1 6 6727 6743 3724 6706 11636 6677 
1 3 11550 3562 462 
2 2 414 9423 
1 4 6586 6604 3434 9468 
2 2 6890 6874 
1 8 6021 3078 6159 11038 3092 9248 6102 11171 
2 3 3338 312 11171 
2 8 11171 3065 183 6166 9202 11177 3175 9131 
2 3 1149 1189 12039 
1 2 4051 1149 
1 2 4194 1149 
1 2 11954 4120 
1 2 11954 10123 
1 2 11935 10026 
1 3 11953 1058 1046 
1 3 1046 4061 11935 
1 3 11935 1141 1058 
2 3 3137 3025 6138 
2 3 6144 11066 3137 
1 2 11211 6108 
1 3 9194 11172 11066 
1 3 169 32 3025 
1 3 169 3117 6013 
1 3 9183 165 3013 
1 8 11164 162 6087 6137 3156 197 9123 3121 
1 3 6082 52 3050 
1 6 3125 11199 132 11132 9156 66 
1 5 9061 6156 6033 37 3013 
1 3 3013 136 11141 
1 2 11079 3149 
1 2 201 9147 
1 3 3171 11184 6115 
2 4 383 6331 3286 3375 
2 3 11082 11188 9185 
2 3 6188 6311 6397 
2 4 6050 11163 35 9185 
1 6 9185 3106 11197 156 9173 6147 
1 3 69 6028 11114 
1 3 179 9138 11114 
1 4 6188 6164 9054 11114 
1 11 9054 3141 9218 3070 9182 6147 11053 6010 6129 9154 46 
1 6 205 9151 11040 11147 3045 11091 
1 2 9051 11147 
1 10 11155 3054 148 11190 3003 11 3138 11069 11120 11148 
1 3 46 3039 11148 
1 4 11148 9141 6063 130 
1 9 130 9088 182 3113 11067 9220 6161 6024 3104 
1 2 6132 11067 
1 2 9143 6161 
1 2 11190 6024 
1 4 3003 109 3100 9220 
1 11 3563 3502 11510 9526 11537 9549 6574 3490 6601 9432 11523 
2 8 11457 6525 545 11538 6479 11460 11523 3578 
2 2 4982 12716 
2 3 11851 3886 3926 
2 4 874 6941 724 9817 
3 6 3938 3794 939 9800 9846 11825 
3 5 11852 885 903 6936 11825 
3 4 726 3918 4024 6936 
3 4 3938 3858 6993 9785 
3 4 6812 9764 854 6927 
2 3 9785 11766 813 
3 2 3816 813 
3 3 6903 6878 3816 
2 3 11852 3902 6903 
2 4 3816 9813 11821 11838 
2 2 11852 3735 
3 2 740 3735 
2 6 6903 9857 3931 3933 932 3735 
1 3 740 6756 3737 
1 5 740 11688 9703 6749 11707 
2 4 885 11854 738 11688 
2 4 9703 11684 9872 6936 
2 3 726 3729 11707 
2 4 726 11843 729 11677 
2 3 6734 9686 11677 
2 4 758 6955 11692 11677 
1 3 6734 9689 6955 
2 4 6867 6907 918 3918 
2 2 918 9846 
2 5 6866 9917 11756 794 6867 
2 4 11851 931 9925 6866 
2 4 9815 11749 11798 931 
2 3 9815 4080 7183 
2 3 7183 10094 10009 
2 2 1048 7183 
2 3 13247 7153 10009 
2 5 9979 10009 7198 6744 875 
2 3 7183 1178 875 
2 3 10009 7068 1176 
2 2 747 1176 
2 3 1176 4095 12083 
2 4 875 3871 950 12083 
2 2 10024 4098 
2 4 10024 1093 9903 832 
2 4 4095 7196 7111 1093 
2 4 832 11884 9889 4098 
2 3 9889 6959 6906 
1 3 4098 962 6959 
1 3 11742 888 3891 
2 3 3891 3799 6906 
2 6 6906 9896 6817 3873 6966 6812 
2 4 832 942 3953 9778 
2 4 11742 9852 6914 858 
2 5 3938 858 9881 6800 9778 
2 3 3953 11863 858 
2 5 931 3930 6948 6832 9778 
2 4 11798 6954 9891 1178 
1 2 7183 7098 
2 4 875 879 3810 6948 
1 2 9891 879 
1 3 3810 6896 9778 
2 3 12083 9828 3953 
1 2 11863 9757 
2 4 9917 11820 896 3938 
2 3 939 3874 6867 
2 2 3874 9846 
2 5 11766 857 9870 6936 11825 
2 4 885 884 3887 11766 
2 2 6878 3887 
2 5 11766 9933 9812 871 9896 
2 3 3816 3954 6966 
2 4 6812 6836 11819 11821 
2 3 6836 9797 9764 
2 4 3946 6915 11779 854 
1 3 3816 11737 7213 
1 2 3858 6879 
1 2 1093 9889 
1 5 726 6746 11684 738 740 
1 2 11825 4024 
2 2 770 3772 
2 3 770 11723 771 
3 2 776 9741 
3 3 771 11726 6790 
3 2 3780 11726 
2 2 3776 9752 
2 2 773 6790 
1 3 9907 11889 782 
1 2 3885 6926 
2 3 3885 9750 910 
2 2 1616 6946 
2 3 6973 3976 9752 
1 2 770 11891 
1 2 7147 10074 
2 3 3857 12047 4159 
1 2 4014 12047 
4 3 6862 11751 9904 
2 3 819 955 851 
1 2 6939 6980 
2 2 3966 11803 
2 2 3923 9826 
2 3 963 3923 11803 
2 2 11824 9863 
1 2 9772 9863 
1 2 6891 9863 
1 2 11755 11824 
2 2 611 6780 
1 2 11568 773 
2 2 6661 9584 
2 2 6675 11598 
2 4 9630 11615 671 3675 
1 2 3657 11615 
1 6 10250 12195 10438 12431 12417 1548 
1 2 10438 10425 
1 3 7408 7225 10293 
1 2 7376 7319 
1 5 2223 12992 12906 10927 8186 
