1;2764.00;10.70;1542.00;small
2;2770.00;9.93;1590.00;big
3;2745.00;12.70;1653.00;big
4;2687.00;10.55;1592.00;big
5;2895.00;9.60;1561.00;big
6;2945.00;9.70;1573.00;big
7;3011.00;9.80;1555.00;big
8;3070.00;10.15;1538.00;big
9;3142.00;9.50;1824.00;small
9;3099.00;9.98;1685.00;big
9;3137.00;9.50;1742.00;small
10;3039.00;9.85;1695.00;big
11;2971.00;12.70;1794.00;small
11;2932.00;14.12;1735.00;big
12;3210.00;10.73;1983.00;big
12;3243.00;10.60;1905.00;small
13;3248.00;9.53;1804.00;big
13;3180.00;9.50;1777.00;big
14;3775.00;10.50;1657.00;small
14;3832.00;10.30;1761.00;big
14;3921.00;9.80;1669.00;big
15;3613.00;15.43;1167.00;big
15;3723.00;12.48;1145.00;small
16;2838.00;9.50;1795.00;small
16;2698.00;9.50;1782.00;big
17;3539.00;11.10;797.00;small
17;3491.00;10.98;713.00;small
17;3417.00;18.40;827.00;big
18;2757.12;9.50;1511.93;small
18;2847.78;9.50;1563.54;big
18;2806.06;9.50;1525.92;small
19;2829.00;10.10;1503.00;big
20;2833.00;10.30;1386.00;big
21;2938.00;10.57;1418.00;big
21;2997.00;9.93;1438.00;small
22;3025.00;12.32;1511.00;small
22;3068.00;12.48;1516.00;big
23;2991.00;11.10;1388.00;big
24;3078.00;14.50;1401.00;big
24;3050.00;10.73;1428.00;small
25;3152.00;10.45;1312.00;big
26;3213.00;9.75;1407.00;big
27;3166.00;14.20;1446.00;big
28;3396.00;13.25;1234.00;big
29;3045.00;9.50;1208.00;big
30;3313.97;9.50;1386.81;small
30;3359.00;9.50;1389.00;big
31;4025.00;10.57;831.00;big
31;4089.00;13.80;955.00;small
31;3988.00;10.70;935.00;big
32;1381.00;9.50;119.00;big
32;1018.00;9.50;402.00;big
32;1281.00;9.50;420.00;big
32;1123.00;9.50;121.00;big
33;376.00;9.95;1930.00;big
33;633.00;9.50;1954.00;big
34;1449.00;12.18;1098.00;big
35;1747.00;12.12;229.00;big
35;1893.00;9.75;382.00;big
36;2138.00;14.23;1954.00;big
37;3209.00;10.40;1710.00;big
38;3083.00;9.80;1572.00;big
39;3192.00;9.85;1507.00;big
40;3555.00;9.82;1652.00;big
40;3644.00;9.80;1677.00;big
41;2681.00;10.75;1318.00;big
42;2736.00;9.50;1437.00;small
42;2627.00;9.50;1432.00;big
43;2599.41;9.50;1581.47;small
43;2530.00;9.50;1654.00;big
44;2294.00;9.50;1931.00;big
44;2456.00;9.50;1812.00;big
44;2597.00;9.50;1971.00;big
45;2836.00;9.50;1927.00;big
45;2744.00;9.50;1983.00;big
45;2970.00;9.50;1983.00;small
46;3261.00;9.50;2033.00;big
46;3464.00;9.50;1939.00;small
46;3798.00;9.50;2010.00;big
47;2532.00;9.50;1241.00;big
47;2588.00;9.50;1347.00;small
48;2616.00;9.50;1172.00;small
48;2527.00;9.50;1047.00;big
49;2285.00;9.50;1721.00;small
49;2413.00;9.50;1461.00;big
49;2351.00;9.50;1620.00;big
50;2078.00;9.50;1765.00;big
50;1926.00;9.50;1961.00;big
51;2203.00;9.50;1362.00;small
51;2321.00;9.50;1332.00;big
51;2234.00;9.50;1527.00;big
52;1351.00;9.50;1255.00;big
53;1848.00;9.50;1095.00;small
53;1692.00;10.20;1167.00;big
53;1585.00;9.50;1166.00;big
54;1745.00;9.50;1536.00;big
55;1882.00;9.50;1641.00;big
56;2089.00;9.50;1303.00;big
56;2034.00;9.50;1461.00;big
57;1804.00;9.50;1309.00;big
57;1863.00;9.50;1433.00;big
58;2265.00;9.50;1153.00;big
58;2355.00;9.50;1038.00;big
59;2087.00;9.50;952.00;big
59;2001.00;9.50;1114.00;big
60;3850.00;9.50;759.00;big
60;3690.00;9.50;548.00;big
60;3905.00;9.50;541.00;big
61;2491.00;9.50;826.00;small
61;2296.00;9.50;872.00;big
62;2874.00;9.50;404.00;big
62;2696.00;9.50;581.00;big
63;1882.00;9.50;201.00;small
63;1619.00;9.50;96.00;big
63;1799.00;9.50;39.00;big
64;2338.00;9.50;117.00;big
64;2025.00;9.50;104.00;big
65;3028.00;9.50;119.00;big
65;3300.00;9.50;58.00;big
66;2210.00;9.50;377.00;big
66;2433.00;9.50;538.00;big
67;2853.00;9.50;100.00;small
67;2649.00;9.50;149.00;big
68;2827.00;9.50;1303.00;big
68;2780.64;9.50;1253.47;small
69;3312.71;9.50;1208.98;big
70;3618.00;9.50;1344.00;big
70;3599.00;9.50;1431.00;big
71;4235.00;9.50;629.00;big
71;4256.00;9.50;468.00;small
71;4072.00;9.50;529.00;big
72;4348.00;9.50;738.00;small
73;4412.00;9.50;798.00;small
74;4184.00;9.50;93.00;big
74;4117.00;9.50;288.00;big
75;4532.00;9.50;768.00;small
75;4474.00;9.50;653.00;big
75;4634.00;9.50;847.00;big
76;4753.00;9.50;1081.00;big
76;4818.00;9.50;1117.00;big
77;4697.00;9.50;1238.00;small
78;4879.00;9.50;937.00;big
78;4871.00;9.50;789.00;big
79;5006.00;9.50;1471.00;big
79;4908.00;9.50;1320.00;big
80;4689.00;9.50;798.00;big
80;4703.00;9.50;711.00;big
81;5236.00;9.50;355.00;big
81;5096.00;9.50;419.00;big
82;4943.00;9.50;431.00;big
83;5280.00;9.50;520.00;big
83;5421.00;9.50;360.00;big
84;5203.00;9.57;738.00;big
84;4962.00;9.50;746.00;small
84;5145.00;9.50;582.00;big
85;3708.00;9.50;310.00;big
85;3902.00;9.50;151.00;small
85;3552.00;9.50;92.00;big
86;5327.00;9.50;135.00;small
86;5196.00;9.50;97.00;big
86;5519.00;9.50;154.00;big
87;5229.00;9.50;1713.00;big
87;5094.00;9.50;1521.00;big
88;116.00;9.50;1877.00;big
88;5500.00;9.50;1730.00;big
89;829.00;9.50;1528.00;small
89;901.00;9.50;1366.00;big
90;5066.00;9.50;1344.00;small
90;4942.00;9.50;1182.00;big
90;5028.00;9.50;1239.00;big
91;4882.00;9.50;521.00;big
92;4696.00;9.50;429.00;big
93;4588.00;9.50;549.00;small
93;4690.00;11.12;612.00;big
93;4795.00;9.50;641.00;small
94;5092.00;9.50;896.00;big
94;5024.00;10.50;1059.00;small
94;5186.00;9.50;1033.00;big
95;5401.00;9.50;1087.00;big
95;48.00;9.50;1185.00;big
95;5532.00;9.50;1201.00;big
96;5448.00;9.50;1500.00;big
96;11.00;9.50;1526.00;big
97;104.00;11.80;608.00;big
97;5344.00;9.50;897.00;big
97;5592.00;9.50;546.00;big
97;5423.00;9.50;655.00;big
97;5489.00;10.20;748.00;big
98;4744.00;9.50;68.00;big
98;4945.00;9.50;79.00;big
99;4504.00;9.50;82.00;big
99;4457.00;9.55;481.00;big
99;4470.00;9.50;266.00;small
100;3366.00;9.50;1062.00;small
100;3450.00;9.50;905.00;small
101;4106.00;9.50;810.00;big
101;4253.00;9.50;852.00;big
102;3499.00;9.50;516.00;big
102;3599.00;9.50;696.00;big
103;3411.00;9.50;283.00;big
104;3849.00;9.50;963.00;big
104;3735.00;9.50;882.00;big
104;3683.00;9.80;1074.00;small
105;435.00;12.40;989.00;big
105;441.00;9.50;1175.00;big
105;211.00;9.50;1103.00;big
106;1105.00;9.50;1159.00;small
106;1284.00;9.50;1091.00;small
106;1021.00;9.50;1287.00;big
107;1515.00;9.50;919.00;small
107;1439.00;9.50;995.00;big
108;1610.00;9.50;494.00;big
108;1619.00;9.50;213.00;big
108;1559.00;9.50;353.00;big
109;1507.00;9.50;643.00;big
109;1450.00;9.50;782.00;big
110;1308.00;9.50;834.00;big
110;1122.00;9.50;972.00;big
110;1173.00;9.50;690.00;big
111;662.00;9.50;1017.00;big
111;757.00;9.50;1212.00;big
111;892.00;9.50;1047.00;big
112;806.00;9.50;116.00;big
112;338.00;9.50;146.00;big
112;643.00;9.50;62.00;big
112;85.00;9.50;118.00;big
112;548.00;9.50;167.00;big
113;629.00;9.50;310.00;big
113;831.00;9.50;370.00;big
113;721.00;9.50;497.00;big
114;642.00;9.50;1686.00;small
114;342.00;9.50;1730.00;big
115;748.00;9.50;1471.00;big
115;578.00;9.50;1448.00;big
116;3563.00;14.68;1251.00;big
116;3674.00;13.25;1255.00;small
117;1569.00;10.00;1492.00;big
118;907.00;13.28;1658.00;big
119;1520.00;9.90;1404.00;big
120;1491.00;10.62;1616.00;big
120;1400.00;11.03;1636.00;big
121;1786.00;9.70;1683.00;small
121;1586.00;10.40;1642.00;big
121;1669.00;9.50;1857.00;big
122;1103.00;11.15;1793.00;big
122;884.00;12.80;1799.00;big
122;1184.00;9.50;1975.00;big
123;1119.00;14.28;1327.00;big
123;1244.00;15.90;1204.00;small
124;1764.00;9.80;1007.00;big
125;2128.00;11.98;566.00;big
125;2012.00;10.40;522.00;small
126;2905.00;14.55;1245.00;big
126;2829.00;13.93;1232.00;small
127;3261.00;10.10;1106.00;big
127;2586.00;9.70;931.00;big
127;2892.00;10.70;907.00;big
127;3144.00;9.70;1130.00;big
127;2671.00;10.50;998.00;big
127;3233.00;10.95;984.00;big
127;2799.00;10.00;1108.00;big
127;2921.00;10.53;954.00;big
127;3020.00;10.62;931.00;small
127;3084.00;15.53;1100.00;big
127;2905.00;9.98;1159.00;small
128;3285.00;9.80;1146.00;big
129;3259.00;12.53;1307.00;big
129;3335.00;10.73;1308.00;small
130;3272.00;9.90;1475.00;big
130;3242.00;10.25;1514.00;small
131;3266.00;9.90;1617.00;big
131;3272.00;9.80;1576.00;small
132;3310.00;10.40;1927.00;big
132;3329.00;10.40;1846.00;small
132;3397.00;10.00;1922.00;small
133;3475.00;9.80;1626.00;small
133;3492.00;9.90;1568.00;big
134;3536.00;13.95;1351.00;big
134;3474.00;12.90;1371.00;small
135;3497.00;9.80;1433.00;small
135;3437.00;9.78;1428.00;big
136;3700.00;9.80;1372.00;big
136;4008.00;11.15;1459.00;small
136;3813.00;9.80;1536.00;small
136;3878.00;11.32;1322.00;small
137;3617.00;9.78;1554.00;big
137;3557.00;9.60;1478.00;big
138;3721.00;12.43;1664.00;small
138;3713.00;16.12;1573.00;big
139;3242.00;13.85;227.00;small
139;3142.00;12.40;155.00;big
139;3074.00;14.12;278.00;big
140;2765.00;10.23;864.00;small
140;2784.00;10.30;769.00;big
140;2619.00;11.98;840.00;big
141;4167.00;10.30;1045.00;big
141;4232.00;10.30;1056.00;small
142;4359.00;11.05;781.00;small
142;4377.00;9.80;894.00;big
143;4568.00;14.15;1280.00;small
143;4618.00;9.73;1308.00;big
144;4454.00;10.30;1142.00;small
144;4387.00;19.73;1161.00;big
145;4189.00;13.65;1384.00;big
145;4051.00;12.62;1302.00;big
146;4157.00;22.00;1162.00;big
146;4307.00;21.15;1226.00;small
147;3986.00;9.70;1923.00;big
147;4399.00;10.50;1901.00;big
147;4030.00;10.25;1774.00;big
148;4931.00;10.45;1469.00;small
148;4841.00;10.70;1579.00;big
149;5195.00;11.75;1784.00;big
149;4810.00;10.90;1743.00;big
150;3597.00;10.60;1767.00;big
150;3600.00;10.15;1877.00;small
150;3716.00;10.25;1836.00;big
151;4105.00;10.62;1624.00;big
151;4232.00;10.50;1697.00;big
152;4518.00;12.55;1442.00;big
152;4314.00;16.30;1479.00;big
153;3948.00;9.80;1029.00;big
153;4065.00;11.12;1037.00;small
153;4008.00;10.50;1117.00;big
154;4926.00;10.35;1228.00;big
154;4856.00;10.15;1201.00;small
155;4744.00;10.07;1366.00;big
156;4925.00;9.85;195.00;big
156;4971.00;12.50;141.00;small
157;5475.00;12.55;62.00;big
157;5566.00;11.55;162.00;small
158;4490.00;12.18;539.00;big
158;4744.00;11.30;499.00;small
158;4561.00;11.10;526.00;small
159;4630.00;10.43;702.00;small
159;4561.00;10.45;641.00;big
160;4699.00;10.50;903.00;big
160;4754.00;11.30;768.00;big
160;4722.00;10.75;829.00;small
161;2508.00;11.35;1907.00;big
162;3834.00;17.10;1212.00;big
163;1936.00;10.10;918.00;big
163;1860.00;9.80;752.00;big
164;4660.00;9.70;1187.00;big
165;4577.00;9.82;1032.00;small
165;4508.00;9.95;1019.00;big
166;1485.00;9.50;1971.00;big
166;1525.00;9.50;1879.00;big
167;5093.00;10.75;526.00;small
167;4970.00;12.53;576.00;big
168;3079.00;9.50;1357.00;small
168;3015.00;9.50;1412.00;small
169;3048.00;9.50;1289.00;big
169;2948.00;10.18;1342.00;small
170;1601.00;9.50;1312.00;small
170;1463.00;9.50;1295.00;big
171;387.00;9.50;1901.00;small
171;815.00;9.60;1749.00;small
172;273.00;9.50;695.00;big
172;439.00;9.50;729.00;big
174;4656.00;9.50;968.00;big
174;4565.00;9.50;924.00;big
175;660.00;9.50;714.00;big
175;892.00;9.50;737.00;big
176;313.00;9.50;1351.00;big
176;354.00;9.50;1521.00;big
176;113.00;9.50;1486.00;big
177;5228.00;9.50;1295.00;big
177;5193.00;9.50;1184.00;big
177;5251.00;9.50;1409.00;big
178;5579.00;9.75;363.00;big
178;109.00;9.98;430.00;big
179;349.00;9.50;491.00;big
179;493.00;9.50;386.00;big
179;321.00;9.50;325.00;big
180;129.00;9.50;868.00;small
180;5594.00;9.50;947.00;big
181;3510.00;11.90;308.00;big
181;3544.00;10.28;389.00;small
182;2731.00;15.00;1212.00;small
182;2682.00;14.23;1159.00;big
183;3256.00;10.95;836.00;big
183;3250.00;12.38;628.00;big
183;3387.00;14.62;656.00;small
183;3251.00;11.30;717.00;small
184;3195.00;12.40;511.00;big
184;3056.00;14.03;450.00;big
184;3101.00;11.00;604.00;small
185;3293.00;13.85;360.00;big
185;3334.00;13.15;549.00;big
185;3371.00;11.70;448.00;small
186;4790.00;10.15;1293.00;big
187;4435.00;9.70;596.00;small
187;4377.00;9.90;660.00;big
188;4400.00;10.07;704.00;big
189;4308.00;11.65;1025.00;big
189;4298.00;10.03;954.00;small
190;3861.00;11.28;1093.00;big
190;3958.00;11.85;1193.00;big
191;3057.00;10.80;1930.00;big
191;3012.00;9.93;1883.00;big
191;3094.00;10.38;1968.00;big
192;3107.00;11.45;1887.00;big
193;4887.00;10.20;433.00;big
193;4904.00;10.30;353.00;small
194;5097.00;10.10;174.00;big
194;5071.00;11.82;90.00;big
195;5113.00;11.05;275.00;big
195;5022.00;9.70;391.00;big
196;3513.00;11.65;1032.00;small
196;3417.00;12.57;1088.00;big
197;1689.00;11.53;1614.00;small
198;1476.00;10.20;1526.00;big
199;1126.00;14.60;1624.00;small
199;1031.00;16.30;1664.00;big
200;4479.00;13.85;1223.00;small
200;4389.00;17.45;1285.00;big
201;1759.00;10.65;565.00;big
201;1674.00;14.93;660.00;small
201;1590.00;11.10;802.00;big
202;4705.00;10.50;183.00;big
202;4713.00;10.53;322.00;big
203;2964.00;9.70;1649.00;big
204;4120.00;19.33;1118.00;big
205;2980.00;9.70;1596.00;big
206;3052.00;9.80;1589.00;big
207;2918.00;10.98;1523.00;big
208;4471.00;12.75;1079.00;small
208;4387.00;13.80;1054.00;big
209;3042.00;13.30;1468.00;big
209;2997.00;14.95;1465.00;small
210;2932.00;15.38;1447.00;big
211;4578.00;10.98;1215.00;big
211;4654.00;11.95;1257.00;small
212;2993.00;11.28;1483.00;big
213;3520.00;9.70;1169.00;small
213;3462.00;10.15;1225.00;big
214;3142.00;10.28;1575.00;big
215;3138.00;9.70;1611.00;big
216;3018.00;9.50;1909.00;small
216;2909.00;9.50;1804.00;small
217;3215.00;10.35;1607.00;big
217;3211.00;10.40;1560.00;small
218;3114.00;9.80;1458.00;big
219;3106.00;10.50;1487.00;big
220;3047.00;11.40;1793.00;big
221;3171.00;10.40;1644.00;big
222;3220.00;10.40;1663.00;big
223;1649.00;13.90;947.00;big
224;2909.00;9.50;1330.00;big
225;2116.00;9.90;778.00;big
225;2220.00;10.40;717.00;small
226;2829.36;9.50;1628.33;small
226;2810.00;9.50;1683.00;big
227;1618.00;11.98;1576.00;big
228;1402.00;10.40;1404.00;big
229;4681.00;11.93;1121.00;small
229;4656.00;9.60;1059.00;big
230;4502.00;14.23;1328.00;big
230;4596.00;12.55;1388.00;small
231;4542.00;9.80;1136.00;big
231;4601.00;10.43;1106.00;big
232;2966.00;10.62;1528.00;big
233;2942.00;13.88;1485.00;big
235;3141.00;9.90;1534.00;big
236;2813.00;9.90;1552.00;small
237;2879.00;10.03;1529.00;big
238;2896.00;10.43;1482.00;big
239;2854.00;10.00;1469.00;big
240;2796.00;10.10;1429.00;big
240;2777.00;9.70;1476.00;small
241;2904.00;11.35;1398.00;small
241;2903.00;14.48;1427.00;big
242;2847.00;10.38;1432.00;big
243;3394.00;18.27;1315.00;big
243;3464.00;14.03;1304.00;small
244;3310.00;10.48;942.00;big
245;3039.00;10.12;1158.00;big
246;2629.00;12.28;1102.00;big
247;3188.00;11.35;1370.00;big
248;3056.00;13.00;1326.00;big
249;3009.00;9.50;1628.00;small
249;3092.00;9.50;1622.00;big
250;3121.00;9.50;1237.00;big
251;3392.00;10.28;1658.00;big
251;3442.00;10.35;1658.00;small
252;2938.00;10.73;790.00;big
252;3002.00;11.28;656.00;big
252;3063.00;11.00;824.00;small
253;4435.00;12.10;973.00;small
253;4464.00;9.82;855.00;big
254;2733.00;12.53;1367.00;big
255;2804.00;10.75;1345.00;big
256;2741.00;12.28;1317.00;big
257;2737.00;11.18;1276.00;big
258;3129.00;12.30;1389.00;big
259;3232.00;9.85;1461.00;big
260;4985.00;12.60;1271.00;big
260;5025.00;11.95;1379.00;small
261;4841.00;10.50;1442.00;small
261;4715.00;11.45;1501.00;big
262;4606.00;11.70;1619.00;small
262;4431.00;11.40;1622.00;big
263;3308.00;10.00;1488.00;big
263;3318.00;9.80;1531.00;small
264;3341.00;9.70;1452.00;big
264;3398.00;9.90;1487.00;small
265;3323.00;9.90;1582.00;big
265;3342.00;10.07;1614.00;small
266;3335.00;10.30;1743.00;big
266;3278.00;9.73;1738.00;small
267;3321.00;10.60;1665.00;big
267;3272.00;9.80;1673.00;small
268;3503.00;9.80;1501.00;big
268;3457.00;10.28;1501.00;small
269;3397.00;9.88;1800.00;big
269;3478.00;9.95;1781.00;big
270;3479.00;10.20;1713.00;small
270;3399.00;10.50;1731.00;big
271;3381.00;10.07;1568.00;big
271;3423.00;10.05;1537.00;small
272;2700.00;9.50;1650.00;small
273;2716.00;9.50;1548.00;small
273;2736.00;9.50;1599.00;small
274;4435.00;9.50;677.00;small
277;3576.00;9.50;856.00;big
279;2962.00;9.50;1693.00;small
280;1676.00;9.50;2034.00;big
280;1795.00;9.60;1997.00;big
281;2891.00;9.50;1570.00;small
284;2907.00;9.50;1651.00;big
285;3215.00;9.50;1272.00;small
286;2958.00;10.80;1220.00;small
287;3223.00;10.00;1155.00;small
288;3320.00;10.40;1069.00;big
289;3354.00;10.75;1159.00;big
290;3521.00;12.48;909.00;small
290;3650.00;9.80;996.00;big
291;1509.00;11.00;1712.00;big
291;1310.00;10.85;1797.00;big
292;1225.00;11.25;1643.00;big
292;1325.00;10.50;1656.00;small
293;1272.00;10.50;1400.00;big
294;1164.00;17.62;1499.00;big
294;1072.00;15.48;1472.00;small
295;1274.00;10.70;1529.00;big
296;1385.00;11.23;1546.00;big
297;959.00;13.10;1463.00;big
297;904.00;9.70;1535.00;big
298;3220.90;9.50;1213.74;big
299;2995.00;9.50;1260.00;big
300;3154.00;9.80;1166.00;small
